------------------------------------------------------------------------
PAGE RANK AFTER ITERATION 10
-------------------------------------------------------------------------
A:	 0.25203637602817186
E:	 0.18710661014291716
C:	 0.15129376593475075
F:	 0.15129376593475075
B:	 0.13930650918251083
D:	 0.11896297277689881
