------------------------------------------------------------------------
PAGE RANK AFTER ITERATION 3
-------------------------------------------------------------------------
A:	 0.24347984182098767
E:	 0.1830390866126543
C:	 0.15554320987654321
F:	 0.15554320987654321
B:	 0.14517235725308641
D:	 0.1172222945601852
