------------------------------------------------------------------------
PAGE RANK AFTER ITERATION 37
-------------------------------------------------------------------------
A:	 0.2521271053746114
E:	 0.18704590699845003
C:	 0.15130648986727924
F:	 0.15130648986727924
B:	 0.1393061853193967
D:	 0.11890782257298355
