------------------------------------------------------------------------
PAGE RANK AFTER ITERATION 36
-------------------------------------------------------------------------
A:	 0.252127105378811
E:	 0.187045906998994
C:	 0.1513064898661185
F:	 0.1513064898661185
B:	 0.13930618531709735
D:	 0.11890782257286084
