------------------------------------------------------------------------
PAGE RANK AFTER ITERATION 52
-------------------------------------------------------------------------
A:	 0.25212710537519567
E:	 0.18704590699931606
C:	 0.15130648986670528
F:	 0.15130648986670528
B:	 0.13930618531853858
D:	 0.11890782257353916
