------------------------------------------------------------------------
PAGE RANK AFTER ITERATION 58
-------------------------------------------------------------------------
A:	 0.2521271053751956
E:	 0.18704590699931614
C:	 0.15130648986670528
F:	 0.15130648986670528
B:	 0.13930618531853858
D:	 0.11890782257353921
