------------------------------------------------------------------------
PAGE RANK AFTER ITERATION 40
-------------------------------------------------------------------------
A:	 0.2521271053751718
E:	 0.18704590699918405
C:	 0.15130648986677922
F:	 0.15130648986677922
B:	 0.1393061853186395
D:	 0.11890782257344643
