------------------------------------------------------------------------
PAGE RANK AFTER ITERATION 46
-------------------------------------------------------------------------
A:	 0.2521271053751972
E:	 0.18704590699931353
C:	 0.15130648986670633
F:	 0.15130648986670633
B:	 0.13930618531853964
D:	 0.11890782257353713
