------------------------------------------------------------------------
PAGE RANK AFTER ITERATION 30
-------------------------------------------------------------------------
A:	 0.2521271055651362
E:	 0.18704590693542883
C:	 0.1513064898603829
F:	 0.1513064898603829
B:	 0.13930618527479965
D:	 0.11890782250386978
