------------------------------------------------------------------------
PAGE RANK AFTER ITERATION 31
-------------------------------------------------------------------------
A:	 0.25212710530429533
E:	 0.18704590697073847
C:	 0.15130648989642254
F:	 0.15130648989642254
B:	 0.13930618537056375
D:	 0.11890782256155766
