------------------------------------------------------------------------
PAGE RANK AFTER ITERATION 41
-------------------------------------------------------------------------
A:	 0.2521271053750846
E:	 0.1870459069993702
C:	 0.15130648986670028
F:	 0.15130648986670028
B:	 0.1393061853185528
D:	 0.11890782257359206
