------------------------------------------------------------------------
PAGE RANK AFTER ITERATION 45
-------------------------------------------------------------------------
A:	 0.2521271053752019
E:	 0.1870459069993186
C:	 0.1513064898667027
F:	 0.1513064898667027
B:	 0.13930618531853406
D:	 0.11890782257354024
