------------------------------------------------------------------------
PAGE RANK AFTER ITERATION 43
-------------------------------------------------------------------------
A:	 0.2521271053752
E:	 0.18704590699929716
C:	 0.1513064898667143
F:	 0.1513064898667143
B:	 0.13930618531854955
D:	 0.11890782257352492
