------------------------------------------------------------------------
PAGE RANK AFTER ITERATION 34
-------------------------------------------------------------------------
A:	 0.25212710536806693
E:	 0.18704590699404997
C:	 0.1513064898709419
F:	 0.1513064898709419
B:	 0.1393061853253989
D:	 0.11890782257060069
