------------------------------------------------------------------------
PAGE RANK AFTER ITERATION 56
-------------------------------------------------------------------------
A:	 0.2521271053751956
E:	 0.18704590699931609
C:	 0.1513064898667053
F:	 0.1513064898667053
B:	 0.13930618531853858
D:	 0.1189078225735392
