------------------------------------------------------------------------
PAGE RANK AFTER ITERATION 47
-------------------------------------------------------------------------
A:	 0.25212710537519323
E:	 0.18704590699931664
C:	 0.15130648986670553
F:	 0.15130648986670553
B:	 0.13930618531853933
D:	 0.11890782257353986
