------------------------------------------------------------------------
PAGE RANK AFTER ITERATION 32
-------------------------------------------------------------------------
A:	 0.2521271053567784
E:	 0.1870459070288751
C:	 0.15130648985512615
F:	 0.15130648985512615
B:	 0.13930618530687006
D:	 0.11890782259722438
