------------------------------------------------------------------------
PAGE RANK AFTER ITERATION 53
-------------------------------------------------------------------------
A:	 0.25212710537519556
E:	 0.18704590699931609
C:	 0.1513064898667053
F:	 0.1513064898667053
B:	 0.1393061853185386
D:	 0.1189078225735392
