------------------------------------------------------------------------
PAGE RANK AFTER ITERATION 48
-------------------------------------------------------------------------
A:	 0.2521271053751962
E:	 0.18704590699931659
C:	 0.15130648986670492
F:	 0.15130648986670492
B:	 0.139306185318538
D:	 0.11890782257353946
