------------------------------------------------------------------------
PAGE RANK AFTER ITERATION 42
-------------------------------------------------------------------------
A:	 0.2521271053752514
E:	 0.18704590699932683
C:	 0.1513064898666881
F:	 0.1513064898666881
B:	 0.13930618531850572
D:	 0.1189078225735401
