------------------------------------------------------------------------
PAGE RANK AFTER ITERATION 59
-------------------------------------------------------------------------
A:	 0.2521271053751956
E:	 0.1870459069993161
C:	 0.1513064898667053
F:	 0.1513064898667053
B:	 0.13930618531853858
D:	 0.1189078225735392
