------------------------------------------------------------------------
PAGE RANK AFTER ITERATION 51
-------------------------------------------------------------------------
A:	 0.25212710537519567
E:	 0.1870459069993162
C:	 0.15130648986670522
F:	 0.15130648986670522
B:	 0.1393061853185385
D:	 0.11890782257353925
