------------------------------------------------------------------------
PAGE RANK AFTER ITERATION 2
-------------------------------------------------------------------------
A:	 0.27522858796296296
E:	 0.17960358796296297
C:	 0.14890914351851853
F:	 0.14890914351851853
B:	 0.1361689814814815
D:	 0.11118055555555556
