------------------------------------------------------------------------
PAGE RANK AFTER ITERATION 35
-------------------------------------------------------------------------
A:	 0.2521271053712953
E:	 0.1870459070031504
C:	 0.15130648986551887
F:	 0.15130648986551887
B:	 0.13930618531771916
D:	 0.11890782257679758
