------------------------------------------------------------------------
PAGE RANK AFTER ITERATION 50
-------------------------------------------------------------------------
A:	 0.2521271053751953
E:	 0.1870459069993161
C:	 0.15130648986670536
F:	 0.15130648986670536
B:	 0.13930618531853872
D:	 0.11890782257353925
