------------------------------------------------------------------------
PAGE RANK AFTER ITERATION 49
-------------------------------------------------------------------------
A:	 0.25212710537519595
E:	 0.18704590699931578
C:	 0.1513064898667054
F:	 0.1513064898667054
B:	 0.13930618531853867
D:	 0.11890782257353892
