------------------------------------------------------------------------
PAGE RANK AFTER ITERATION 39
-------------------------------------------------------------------------
A:	 0.25212710537565775
E:	 0.18704590699933438
C:	 0.1513064898665993
F:	 0.1513064898665993
B:	 0.13930618531831396
D:	 0.11890782257349555
