------------------------------------------------------------------------
PAGE RANK AFTER ITERATION 33
-------------------------------------------------------------------------
A:	 0.2521271054020731
E:	 0.18704590699366777
C:	 0.1513064898640406
F:	 0.1513064898640406
B:	 0.13930618531003963
D:	 0.1189078225661385
