------------------------------------------------------------------------
PAGE RANK AFTER ITERATION 44
-------------------------------------------------------------------------
A:	 0.252127105375179
E:	 0.18704590699932178
C:	 0.15130648986670583
F:	 0.15130648986670583
B:	 0.13930618531854239
D:	 0.11890782257354536
