------------------------------------------------------------------------
PAGE RANK AFTER ITERATION 38
-------------------------------------------------------------------------
A:	 0.252127105374504
E:	 0.18704590699978693
C:	 0.15130648986660405
F:	 0.15130648986660405
B:	 0.1393061853185357
D:	 0.11890782257396548
